/**/
		FoamFile
		{
			 version     2.0;
			 format      ascii;
			 class       dictionary;
			 object      blockMeshDict;
		}










convertToMeters 1;




vertices
(
( -11.25 0.0 2.5 )	//0
( -11.25 0.0 0.0 )	//1
( -11.25 0.0 -0.156 )	//2
( -11.25 0.0 -5.0 )	//3
( -11.25 5.0 2.5 )	//4
( -11.25 5.0 0.0 )	//5
( -11.25 5.0 -0.156 )	//6
( -11.25 5.0 -5.0 )	//7
( -1.25 0.0 2.5 )	//8
( -1.25 0.0 0.0 )	//9
( -1.25 0.0 -0.156 )	//10
( -1.25 0.0 -5.0 )	//11
( -1.25 5.0 2.5 )	//12
( -1.25 5.0 0.0 )	//13
( -1.25 5.0 -0.156 )	//14
( -1.25 5.0 -5.0 )	//15
( -1.0 0.045 2.5 )	//16
( -1.0 0.045 0.0 )	//17
( -1.0 0.0 -0.156 )	//18
( -1.0 0.0 -5.0 )	//19
( -1.0 5.0 2.5 )	//20
( -1.0 5.0 0.0 )	//21
( -1.0 5.0 -0.156 )	//22
( -1.0 5.0 -5.0 )	//23
( -0.75 0.08 2.5 )	//24
( -0.75 0.08 0.0 )	//25
( -0.75 0.0 -0.156 )	//26
( -0.75 0.0 -5.0 )	//27
( -0.75 5.0 2.5 )	//28
( -0.75 5.0 0.0 )	//29
( -0.75 5.0 -0.156 )	//30
( -0.75 5.0 -5.0 )	//31
( -0.5 0.105 2.5 )	//32
( -0.5 0.105 0.0 )	//33
( -0.5 0.0 -0.156 )	//34
( -0.5 0.0 -5.0 )	//35
( -0.5 5.0 2.5 )	//36
( -0.5 5.0 0.0 )	//37
( -0.5 5.0 -0.156 )	//38
( -0.5 5.0 -5.0 )	//39
( -0.25 0.12 2.5 )	//40
( -0.25 0.12 0.0 )	//41
( -0.25 0.0 -0.156 )	//42
( -0.25 0.0 -5.0 )	//43
( -0.25 5.0 2.5 )	//44
( -0.25 5.0 0.0 )	//45
( -0.25 5.0 -0.156 )	//46
( -0.25 5.0 -5.0 )	//47
( 0.0 0.125 2.5 )	//48
( 0.0 0.125 0.0 )	//49
( 0.0 0.0 -0.156 )	//50
( 0.0 0.0 -5.0 )	//51
( 0.0 5.0 2.5 )	//52
( 0.0 5.0 0.0 )	//53
( 0.0 5.0 -0.156 )	//54
( 0.0 5.0 -5.0 )	//55
( 0.25 0.12 2.5 )	//56
( 0.25 0.12 0.0 )	//57
( 0.25 0.0 -0.156 )	//58
( 0.25 0.0 -5.0 )	//59
( 0.25 5.0 2.5 )	//60
( 0.25 5.0 0.0 )	//61
( 0.25 5.0 -0.156 )	//62
( 0.25 5.0 -5.0 )	//63
( 0.5 0.105 2.5 )	//64
( 0.5 0.105 0.0 )	//65
( 0.5 0.0 -0.156 )	//66
( 0.5 0.0 -5.0 )	//67
( 0.5 5.0 2.5 )	//68
( 0.5 5.0 0.0 )	//69
( 0.5 5.0 -0.156 )	//70
( 0.5 5.0 -5.0 )	//71
( 0.75 0.08 2.5 )	//72
( 0.75 0.08 0.0 )	//73
( 0.75 0.0 -0.156 )	//74
( 0.75 0.0 -5.0 )	//75
( 0.75 5.0 2.5 )	//76
( 0.75 5.0 0.0 )	//77
( 0.75 5.0 -0.156 )	//78
( 0.75 5.0 -5.0 )	//79
( 1.0 0.045 2.5 )	//80
( 1.0 0.045 0.0 )	//81
( 1.0 0.0 -0.156 )	//82
( 1.0 0.0 -5.0 )	//83
( 1.0 5.0 2.5 )	//84
( 1.0 5.0 0.0 )	//85
( 1.0 5.0 -0.156 )	//86
( 1.0 5.0 -5.0 )	//87
( 1.25 0.0 2.5 )	//88
( 1.25 0.0 0.0 )	//89
( 1.25 0.0 -0.156 )	//90
( 1.25 0.0 -5.0 )	//91
( 1.25 5.0 2.5 )	//92
( 1.25 5.0 0.0 )	//93
( 1.25 5.0 -0.156 )	//94
( 1.25 5.0 -5.0 )	//95
( 6.25 0.0 2.5 )	//96
( 6.25 0.0 0.0 )	//97
( 6.25 0.0 -0.156 )	//98
( 6.25 0.0 -5.0 )	//99
( 6.25 5.0 2.5 )	//100
( 6.25 5.0 0.0 )	//101
( 6.25 5.0 -0.156 )	//102
( 6.25 5.0 -5.0 )	//103
);




blocks
(
hex (1 9 13 5 0 8 12 4) (80 110 20) edgeGrading ( 0.09740075919632829 0.09740075919632829 0.09740075919632829 0.09740075919632829  ( (0.0015 0.0454545454545 1.0) (0.9985 0.954545454545 159.35096073) )  ( (0.0015 0.0454545454545 1.0) (0.9985 0.954545454545 159.35096073) )  ( (0.0015 0.0454545454545 1.0) (0.9985 0.954545454545 159.35096073) )  ( (0.0015 0.0454545454545 1.0) (0.9985 0.954545454545 159.35096073) )  ( (0.0156 0.4 1.0) (0.9844 0.6 178.489522083) )  ( (0.0156 0.4 1.0) (0.9844 0.6 178.489522083) )  ( (0.0156 0.4 1.0) (0.9844 0.6 178.489522083) )  ( (0.0156 0.4 1.0) (0.9844 0.6 178.489522083) ) )
hex (2 10 14 6 1 9 13 5) (80 110 30) edgeGrading ( 0.09740075919632829 0.09740075919632829 0.09740075919632829 0.09740075919632829  ( (0.0015 0.0454545454545 1.0) (0.9985 0.954545454545 159.35096073) )  ( (0.0015 0.0454545454545 1.0) (0.9985 0.954545454545 159.35096073) )  ( (0.0015 0.0454545454545 1.0) (0.9985 0.954545454545 159.35096073) )  ( (0.0015 0.0454545454545 1.0) (0.9985 0.954545454545 159.35096073) ) 1.0 0.9999999993419235 1.0 1.0 )
hex (3 11 15 7 2 10 14 6) (80 110 20) edgeGrading ( 0.09740075919632829 0.09740075919632829 0.09740075919632829 0.09740075919632829  ( (0.0015 0.0454545454545 1.0) (0.9985 0.954545454545 159.35096073) )  ( (0.0015 0.0454545454545 1.0) (0.9985 0.954545454545 159.35096073) )  ( (0.0015 0.0454545454545 1.0) (0.9985 0.954545454545 159.35096073) )  ( (0.0015 0.0454545454545 1.0) (0.9985 0.954545454545 159.35096073) ) 0.004132123397153934 0.004132123397153934 0.004132123397153934 0.004132123397153934 )
hex (9 17 21 13 8 16 20 12) (8 110 20) edgeGrading ( 1.0 1.0 1.0 1.0  ( (0.0015 0.0454545454545 1.0) (0.9985 0.954545454545 159.35096073) )  ( (0.0015 0.0454545454545 1.0) (0.9985 0.954545454545 159.35096073) )  ( (0.0015 0.0454545454545 1.0) (0.9985 0.954545454545 159.35096073) )  ( (0.0015 0.0454545454545 1.0) (0.9985 0.954545454545 159.35096073) )  ( (0.0156 0.4 1.0) (0.9844 0.6 178.489522083) )  ( (0.0156 0.4 1.0) (0.9844 0.6 178.489522083) )  ( (0.0156 0.4 1.0) (0.9844 0.6 178.489522083) )  ( (0.0156 0.4 1.0) (0.9844 0.6 178.489522083) ) )
hex (10 18 22 14 9 17 21 13) (8 110 30) edgeGrading ( 1.0 1.0 1.0 1.0  ( (0.0015 0.0454545454545 1.0) (0.9985 0.954545454545 159.35096073) )  ( (0.0015 0.0454545454545 1.0) (0.9985 0.954545454545 159.35096073) )  ( (0.0015 0.0454545454545 1.0) (0.9985 0.954545454545 159.35096073) )  ( (0.0015 0.0454545454545 1.0) (0.9985 0.954545454545 159.35096073) ) 0.9999999993419235 0.9027865100715146 1.0 1.0 )
hex (11 19 23 15 10 18 22 14) (8 110 20) edgeGrading ( 1.0 1.0 1.0 1.0  ( (0.0015 0.0454545454545 1.0) (0.9985 0.954545454545 159.35096073) )  ( (0.0015 0.0454545454545 1.0) (0.9985 0.954545454545 159.35096073) )  ( (0.0015 0.0454545454545 1.0) (0.9985 0.954545454545 159.35096073) )  ( (0.0015 0.0454545454545 1.0) (0.9985 0.954545454545 159.35096073) ) 0.004132123397153934 0.004132123397153934 0.004132123397153934 0.004132123397153934 )
hex (17 25 29 21 16 24 28 20) (8 110 20) edgeGrading ( 1.0 1.0 1.0 1.0  ( (0.0015 0.0454545454545 1.0) (0.9985 0.954545454545 159.35096073) )  ( (0.0015 0.0454545454545 1.0) (0.9985 0.954545454545 159.35096073) )  ( (0.0015 0.0454545454545 1.0) (0.9985 0.954545454545 159.35096073) )  ( (0.0015 0.0454545454545 1.0) (0.9985 0.954545454545 159.35096073) )  ( (0.0156 0.4 1.0) (0.9844 0.6 178.489522083) )  ( (0.0156 0.4 1.0) (0.9844 0.6 178.489522083) )  ( (0.0156 0.4 1.0) (0.9844 0.6 178.489522083) )  ( (0.0156 0.4 1.0) (0.9844 0.6 178.489522083) ) )
hex (18 26 30 22 17 25 29 21) (8 110 30) edgeGrading ( 1.0 1.0 1.0 1.0  ( (0.0015 0.0454545454545 1.0) (0.9985 0.954545454545 159.35096073) )  ( (0.0015 0.0454545454545 1.0) (0.9985 0.954545454545 159.35096073) )  ( (0.0015 0.0454545454545 1.0) (0.9985 0.954545454545 159.35096073) )  ( (0.0015 0.0454545454545 1.0) (0.9985 0.954545454545 159.35096073) ) 0.9027865100715146 0.7554069434642174 1.0 1.0 )
hex (19 27 31 23 18 26 30 22) (8 110 20) edgeGrading ( 1.0 1.0 1.0 1.0  ( (0.0015 0.0454545454545 1.0) (0.9985 0.954545454545 159.35096073) )  ( (0.0015 0.0454545454545 1.0) (0.9985 0.954545454545 159.35096073) )  ( (0.0015 0.0454545454545 1.0) (0.9985 0.954545454545 159.35096073) )  ( (0.0015 0.0454545454545 1.0) (0.9985 0.954545454545 159.35096073) ) 0.004132123397153934 0.004132123397153934 0.004132123397153934 0.004132123397153934 )
hex (25 33 37 29 24 32 36 28) (8 110 20) edgeGrading ( 1.0 1.0 1.0 1.0  ( (0.0015 0.0454545454545 1.0) (0.9985 0.954545454545 159.35096073) )  ( (0.0015 0.0454545454545 1.0) (0.9985 0.954545454545 159.35096073) )  ( (0.0015 0.0454545454545 1.0) (0.9985 0.954545454545 159.35096073) )  ( (0.0015 0.0454545454545 1.0) (0.9985 0.954545454545 159.35096073) )  ( (0.0156 0.4 1.0) (0.9844 0.6 178.489522083) )  ( (0.0156 0.4 1.0) (0.9844 0.6 178.489522083) )  ( (0.0156 0.4 1.0) (0.9844 0.6 178.489522083) )  ( (0.0156 0.4 1.0) (0.9844 0.6 178.489522083) ) )
hex (26 34 38 30 25 33 37 29) (8 110 30) edgeGrading ( 1.0 1.0 1.0 1.0  ( (0.0015 0.0454545454545 1.0) (0.9985 0.954545454545 159.35096073) )  ( (0.0015 0.0454545454545 1.0) (0.9985 0.954545454545 159.35096073) )  ( (0.0015 0.0454545454545 1.0) (0.9985 0.954545454545 159.35096073) )  ( (0.0015 0.0454545454545 1.0) (0.9985 0.954545454545 159.35096073) ) 0.7554069434642174 0.6513298955426962 1.0 1.0 )
hex (27 35 39 31 26 34 38 30) (8 110 20) edgeGrading ( 1.0 1.0 1.0 1.0  ( (0.0015 0.0454545454545 1.0) (0.9985 0.954545454545 159.35096073) )  ( (0.0015 0.0454545454545 1.0) (0.9985 0.954545454545 159.35096073) )  ( (0.0015 0.0454545454545 1.0) (0.9985 0.954545454545 159.35096073) )  ( (0.0015 0.0454545454545 1.0) (0.9985 0.954545454545 159.35096073) ) 0.004132123397153934 0.004132123397153934 0.004132123397153934 0.004132123397153934 )
hex (33 41 45 37 32 40 44 36) (8 110 20) edgeGrading ( 1.0 1.0 1.0 1.0  ( (0.0015 0.0454545454545 1.0) (0.9985 0.954545454545 159.35096073) )  ( (0.0015 0.0454545454545 1.0) (0.9985 0.954545454545 159.35096073) )  ( (0.0015 0.0454545454545 1.0) (0.9985 0.954545454545 159.35096073) )  ( (0.0015 0.0454545454545 1.0) (0.9985 0.954545454545 159.35096073) )  ( (0.0156 0.4 1.0) (0.9844 0.6 178.489522083) )  ( (0.0156 0.4 1.0) (0.9844 0.6 178.489522083) )  ( (0.0156 0.4 1.0) (0.9844 0.6 178.489522083) )  ( (0.0156 0.4 1.0) (0.9844 0.6 178.489522083) ) )
hex (34 42 46 38 33 41 45 37) (8 110 30) edgeGrading ( 1.0 1.0 1.0 1.0  ( (0.0015 0.0454545454545 1.0) (0.9985 0.954545454545 159.35096073) )  ( (0.0015 0.0454545454545 1.0) (0.9985 0.954545454545 159.35096073) )  ( (0.0015 0.0454545454545 1.0) (0.9985 0.954545454545 159.35096073) )  ( (0.0015 0.0454545454545 1.0) (0.9985 0.954545454545 159.35096073) ) 0.6513298955426962 0.5946313820173693 1.0 1.0 )
hex (35 43 47 39 34 42 46 38) (8 110 20) edgeGrading ( 1.0 1.0 1.0 1.0  ( (0.0015 0.0454545454545 1.0) (0.9985 0.954545454545 159.35096073) )  ( (0.0015 0.0454545454545 1.0) (0.9985 0.954545454545 159.35096073) )  ( (0.0015 0.0454545454545 1.0) (0.9985 0.954545454545 159.35096073) )  ( (0.0015 0.0454545454545 1.0) (0.9985 0.954545454545 159.35096073) ) 0.004132123397153934 0.004132123397153934 0.004132123397153934 0.004132123397153934 )
hex (41 49 53 45 40 48 52 44) (8 110 20) edgeGrading ( 1.0 1.0 1.0 1.0  ( (0.0015 0.0454545454545 1.0) (0.9985 0.954545454545 159.35096073) )  ( (0.0015 0.0454545454545 1.0) (0.9985 0.954545454545 159.35096073) )  ( (0.0015 0.0454545454545 1.0) (0.9985 0.954545454545 159.35096073) )  ( (0.0015 0.0454545454545 1.0) (0.9985 0.954545454545 159.35096073) )  ( (0.0156 0.4 1.0) (0.9844 0.6 178.489522083) )  ( (0.0156 0.4 1.0) (0.9844 0.6 178.489522083) )  ( (0.0156 0.4 1.0) (0.9844 0.6 178.489522083) )  ( (0.0156 0.4 1.0) (0.9844 0.6 178.489522083) ) )
hex (42 50 54 46 41 49 53 45) (8 110 30) edgeGrading ( 1.0 1.0 1.0 1.0  ( (0.0015 0.0454545454545 1.0) (0.9985 0.954545454545 159.35096073) )  ( (0.0015 0.0454545454545 1.0) (0.9985 0.954545454545 159.35096073) )  ( (0.0015 0.0454545454545 1.0) (0.9985 0.954545454545 159.35096073) )  ( (0.0015 0.0454545454545 1.0) (0.9985 0.954545454545 159.35096073) ) 0.5946313820173693 0.5768752897020172 1.0 1.0 )
hex (43 51 55 47 42 50 54 46) (8 110 20) edgeGrading ( 1.0 1.0 1.0 1.0  ( (0.0015 0.0454545454545 1.0) (0.9985 0.954545454545 159.35096073) )  ( (0.0015 0.0454545454545 1.0) (0.9985 0.954545454545 159.35096073) )  ( (0.0015 0.0454545454545 1.0) (0.9985 0.954545454545 159.35096073) )  ( (0.0015 0.0454545454545 1.0) (0.9985 0.954545454545 159.35096073) ) 0.004132123397153934 0.004132123397153934 0.004132123397153934 0.004132123397153934 )
hex (49 57 61 53 48 56 60 52) (8 110 20) edgeGrading ( 1.0 1.0 1.0 1.0  ( (0.0015 0.0454545454545 1.0) (0.9985 0.954545454545 159.35096073) )  ( (0.0015 0.0454545454545 1.0) (0.9985 0.954545454545 159.35096073) )  ( (0.0015 0.0454545454545 1.0) (0.9985 0.954545454545 159.35096073) )  ( (0.0015 0.0454545454545 1.0) (0.9985 0.954545454545 159.35096073) )  ( (0.0156 0.4 1.0) (0.9844 0.6 178.489522083) )  ( (0.0156 0.4 1.0) (0.9844 0.6 178.489522083) )  ( (0.0156 0.4 1.0) (0.9844 0.6 178.489522083) )  ( (0.0156 0.4 1.0) (0.9844 0.6 178.489522083) ) )
hex (50 58 62 54 49 57 61 53) (8 110 30) edgeGrading ( 1.0 1.0 1.0 1.0  ( (0.0015 0.0454545454545 1.0) (0.9985 0.954545454545 159.35096073) )  ( (0.0015 0.0454545454545 1.0) (0.9985 0.954545454545 159.35096073) )  ( (0.0015 0.0454545454545 1.0) (0.9985 0.954545454545 159.35096073) )  ( (0.0015 0.0454545454545 1.0) (0.9985 0.954545454545 159.35096073) ) 0.5768752897020172 0.5946313820173693 1.0 1.0 )
hex (51 59 63 55 50 58 62 54) (8 110 20) edgeGrading ( 1.0 1.0 1.0 1.0  ( (0.0015 0.0454545454545 1.0) (0.9985 0.954545454545 159.35096073) )  ( (0.0015 0.0454545454545 1.0) (0.9985 0.954545454545 159.35096073) )  ( (0.0015 0.0454545454545 1.0) (0.9985 0.954545454545 159.35096073) )  ( (0.0015 0.0454545454545 1.0) (0.9985 0.954545454545 159.35096073) ) 0.004132123397153934 0.004132123397153934 0.004132123397153934 0.004132123397153934 )
hex (57 65 69 61 56 64 68 60) (8 110 20) edgeGrading ( 1.0 1.0 1.0 1.0  ( (0.0015 0.0454545454545 1.0) (0.9985 0.954545454545 159.35096073) )  ( (0.0015 0.0454545454545 1.0) (0.9985 0.954545454545 159.35096073) )  ( (0.0015 0.0454545454545 1.0) (0.9985 0.954545454545 159.35096073) )  ( (0.0015 0.0454545454545 1.0) (0.9985 0.954545454545 159.35096073) )  ( (0.0156 0.4 1.0) (0.9844 0.6 178.489522083) )  ( (0.0156 0.4 1.0) (0.9844 0.6 178.489522083) )  ( (0.0156 0.4 1.0) (0.9844 0.6 178.489522083) )  ( (0.0156 0.4 1.0) (0.9844 0.6 178.489522083) ) )
hex (58 66 70 62 57 65 69 61) (8 110 30) edgeGrading ( 1.0 1.0 1.0 1.0  ( (0.0015 0.0454545454545 1.0) (0.9985 0.954545454545 159.35096073) )  ( (0.0015 0.0454545454545 1.0) (0.9985 0.954545454545 159.35096073) )  ( (0.0015 0.0454545454545 1.0) (0.9985 0.954545454545 159.35096073) )  ( (0.0015 0.0454545454545 1.0) (0.9985 0.954545454545 159.35096073) ) 0.5946313820173693 0.6513298955426962 1.0 1.0 )
hex (59 67 71 63 58 66 70 62) (8 110 20) edgeGrading ( 1.0 1.0 1.0 1.0  ( (0.0015 0.0454545454545 1.0) (0.9985 0.954545454545 159.35096073) )  ( (0.0015 0.0454545454545 1.0) (0.9985 0.954545454545 159.35096073) )  ( (0.0015 0.0454545454545 1.0) (0.9985 0.954545454545 159.35096073) )  ( (0.0015 0.0454545454545 1.0) (0.9985 0.954545454545 159.35096073) ) 0.004132123397153934 0.004132123397153934 0.004132123397153934 0.004132123397153934 )
hex (65 73 77 69 64 72 76 68) (8 110 20) edgeGrading ( 1.0 1.0 1.0 1.0  ( (0.0015 0.0454545454545 1.0) (0.9985 0.954545454545 159.35096073) )  ( (0.0015 0.0454545454545 1.0) (0.9985 0.954545454545 159.35096073) )  ( (0.0015 0.0454545454545 1.0) (0.9985 0.954545454545 159.35096073) )  ( (0.0015 0.0454545454545 1.0) (0.9985 0.954545454545 159.35096073) )  ( (0.0156 0.4 1.0) (0.9844 0.6 178.489522083) )  ( (0.0156 0.4 1.0) (0.9844 0.6 178.489522083) )  ( (0.0156 0.4 1.0) (0.9844 0.6 178.489522083) )  ( (0.0156 0.4 1.0) (0.9844 0.6 178.489522083) ) )
hex (66 74 78 70 65 73 77 69) (8 110 30) edgeGrading ( 1.0 1.0 1.0 1.0  ( (0.0015 0.0454545454545 1.0) (0.9985 0.954545454545 159.35096073) )  ( (0.0015 0.0454545454545 1.0) (0.9985 0.954545454545 159.35096073) )  ( (0.0015 0.0454545454545 1.0) (0.9985 0.954545454545 159.35096073) )  ( (0.0015 0.0454545454545 1.0) (0.9985 0.954545454545 159.35096073) ) 0.6513298955426962 0.7554069434642174 1.0 1.0 )
hex (67 75 79 71 66 74 78 70) (8 110 20) edgeGrading ( 1.0 1.0 1.0 1.0  ( (0.0015 0.0454545454545 1.0) (0.9985 0.954545454545 159.35096073) )  ( (0.0015 0.0454545454545 1.0) (0.9985 0.954545454545 159.35096073) )  ( (0.0015 0.0454545454545 1.0) (0.9985 0.954545454545 159.35096073) )  ( (0.0015 0.0454545454545 1.0) (0.9985 0.954545454545 159.35096073) ) 0.004132123397153934 0.004132123397153934 0.004132123397153934 0.004132123397153934 )
hex (73 81 85 77 72 80 84 76) (8 110 20) edgeGrading ( 1.0 1.0 1.0 1.0  ( (0.0015 0.0454545454545 1.0) (0.9985 0.954545454545 159.35096073) )  ( (0.0015 0.0454545454545 1.0) (0.9985 0.954545454545 159.35096073) )  ( (0.0015 0.0454545454545 1.0) (0.9985 0.954545454545 159.35096073) )  ( (0.0015 0.0454545454545 1.0) (0.9985 0.954545454545 159.35096073) )  ( (0.0156 0.4 1.0) (0.9844 0.6 178.489522083) )  ( (0.0156 0.4 1.0) (0.9844 0.6 178.489522083) )  ( (0.0156 0.4 1.0) (0.9844 0.6 178.489522083) )  ( (0.0156 0.4 1.0) (0.9844 0.6 178.489522083) ) )
hex (74 82 86 78 73 81 85 77) (8 110 30) edgeGrading ( 1.0 1.0 1.0 1.0  ( (0.0015 0.0454545454545 1.0) (0.9985 0.954545454545 159.35096073) )  ( (0.0015 0.0454545454545 1.0) (0.9985 0.954545454545 159.35096073) )  ( (0.0015 0.0454545454545 1.0) (0.9985 0.954545454545 159.35096073) )  ( (0.0015 0.0454545454545 1.0) (0.9985 0.954545454545 159.35096073) ) 0.7554069434642174 0.9027865100715146 1.0 1.0 )
hex (75 83 87 79 74 82 86 78) (8 110 20) edgeGrading ( 1.0 1.0 1.0 1.0  ( (0.0015 0.0454545454545 1.0) (0.9985 0.954545454545 159.35096073) )  ( (0.0015 0.0454545454545 1.0) (0.9985 0.954545454545 159.35096073) )  ( (0.0015 0.0454545454545 1.0) (0.9985 0.954545454545 159.35096073) )  ( (0.0015 0.0454545454545 1.0) (0.9985 0.954545454545 159.35096073) ) 0.004132123397153934 0.004132123397153934 0.004132123397153934 0.004132123397153934 )
hex (81 89 93 85 80 88 92 84) (8 110 20) edgeGrading ( 1.0 1.0 1.0 1.0  ( (0.0015 0.0454545454545 1.0) (0.9985 0.954545454545 159.35096073) )  ( (0.0015 0.0454545454545 1.0) (0.9985 0.954545454545 159.35096073) )  ( (0.0015 0.0454545454545 1.0) (0.9985 0.954545454545 159.35096073) )  ( (0.0015 0.0454545454545 1.0) (0.9985 0.954545454545 159.35096073) )  ( (0.0156 0.4 1.0) (0.9844 0.6 178.489522083) )  ( (0.0156 0.4 1.0) (0.9844 0.6 178.489522083) )  ( (0.0156 0.4 1.0) (0.9844 0.6 178.489522083) )  ( (0.0156 0.4 1.0) (0.9844 0.6 178.489522083) ) )
hex (82 90 94 86 81 89 93 85) (8 110 30) edgeGrading ( 1.0 1.0 1.0 1.0  ( (0.0015 0.0454545454545 1.0) (0.9985 0.954545454545 159.35096073) )  ( (0.0015 0.0454545454545 1.0) (0.9985 0.954545454545 159.35096073) )  ( (0.0015 0.0454545454545 1.0) (0.9985 0.954545454545 159.35096073) )  ( (0.0015 0.0454545454545 1.0) (0.9985 0.954545454545 159.35096073) ) 0.9027865100715146 0.9999999993419235 1.0 1.0 )
hex (83 91 95 87 82 90 94 86) (8 110 20) edgeGrading ( 1.0 1.0 1.0 1.0  ( (0.0015 0.0454545454545 1.0) (0.9985 0.954545454545 159.35096073) )  ( (0.0015 0.0454545454545 1.0) (0.9985 0.954545454545 159.35096073) )  ( (0.0015 0.0454545454545 1.0) (0.9985 0.954545454545 159.35096073) )  ( (0.0015 0.0454545454545 1.0) (0.9985 0.954545454545 159.35096073) ) 0.004132123397153934 0.004132123397153934 0.004132123397153934 0.004132123397153934 )
hex (89 97 101 93 88 96 100 92) (20 110 20) edgeGrading ( 26.076121051031727 26.076121051031727 26.076121051031727 26.076121051031727  ( (0.0015 0.0454545454545 1.0) (0.9985 0.954545454545 159.35096073) )  ( (0.0015 0.0454545454545 1.0) (0.9985 0.954545454545 159.35096073) )  ( (0.0015 0.0454545454545 1.0) (0.9985 0.954545454545 159.35096073) )  ( (0.0015 0.0454545454545 1.0) (0.9985 0.954545454545 159.35096073) )  ( (0.0156 0.4 1.0) (0.9844 0.6 178.489522083) )  ( (0.0156 0.4 1.0) (0.9844 0.6 178.489522083) )  ( (0.0156 0.4 1.0) (0.9844 0.6 178.489522083) )  ( (0.0156 0.4 1.0) (0.9844 0.6 178.489522083) ) )
hex (90 98 102 94 89 97 101 93) (20 110 30) edgeGrading ( 26.076121051031727 26.076121051031727 26.076121051031727 26.076121051031727  ( (0.0015 0.0454545454545 1.0) (0.9985 0.954545454545 159.35096073) )  ( (0.0015 0.0454545454545 1.0) (0.9985 0.954545454545 159.35096073) )  ( (0.0015 0.0454545454545 1.0) (0.9985 0.954545454545 159.35096073) )  ( (0.0015 0.0454545454545 1.0) (0.9985 0.954545454545 159.35096073) ) 0.9999999993419235 1.0 1.0 1.0 )
hex (91 99 103 95 90 98 102 94) (20 110 20) edgeGrading ( 26.076121051031727 26.076121051031727 26.076121051031727 26.076121051031727  ( (0.0015 0.0454545454545 1.0) (0.9985 0.954545454545 159.35096073) )  ( (0.0015 0.0454545454545 1.0) (0.9985 0.954545454545 159.35096073) )  ( (0.0015 0.0454545454545 1.0) (0.9985 0.954545454545 159.35096073) )  ( (0.0015 0.0454545454545 1.0) (0.9985 0.954545454545 159.35096073) ) 0.004132123397153934 0.004132123397153934 0.004132123397153934 0.004132123397153934 )

);




edges
(
spline 10 9 ( ( -1.25 0.0 -0.156 ) 
( -1.25 0.0 -0.13866666666666666 ) 
( -1.25 0.0 -0.12133333333333333 ) 
( -1.25 0.0 -0.10400000000000001 ) 
( -1.25 0.0 -0.08666666666666667 ) 
( -1.25 0.0 -0.06933333333333333 ) 
( -1.25 0.0 -0.052000000000000005 ) 
( -1.25 0.0 -0.03466666666666668 ) 
( -1.25 0.0 -0.01733333333333334 ) 
( -1.25 0.0 0.0 ) 
)
spline 18 17 ( ( -1.0 0.0 -0.156 ) 
( -1.0 0.009444444444444443 -0.13866666666666666 ) 
( -1.0 0.01777777777777777 -0.12133333333333333 ) 
( -1.0 0.024999999999999988 -0.10400000000000001 ) 
( -1.0 0.0311111111111111 -0.08666666666666667 ) 
( -1.0 0.0361111111111111 -0.06933333333333333 ) 
( -1.0 0.03999999999999999 -0.052000000000000005 ) 
( -1.0 0.04277777777777776 -0.03466666666666668 ) 
( -1.0 0.044444444444444425 -0.01733333333333334 ) 
( -1.0 0.044999999999999984 0.0 ) 
)
spline 26 25 ( ( -0.75 0.0 -0.156 ) 
( -0.75 0.016790123456790127 -0.13866666666666666 ) 
( -0.75 0.03160493827160494 -0.12133333333333333 ) 
( -0.75 0.04444444444444444 -0.10400000000000001 ) 
( -0.75 0.05530864197530864 -0.08666666666666667 ) 
( -0.75 0.06419753086419754 -0.06933333333333333 ) 
( -0.75 0.07111111111111111 -0.052000000000000005 ) 
( -0.75 0.07604938271604939 -0.03466666666666668 ) 
( -0.75 0.07901234567901234 -0.01733333333333334 ) 
( -0.75 0.08 0.0 ) 
)
spline 34 33 ( ( -0.5 0.0 -0.156 ) 
( -0.5 0.022037037037037042 -0.13866666666666666 ) 
( -0.5 0.04148148148148148 -0.12133333333333333 ) 
( -0.5 0.05833333333333332 -0.10400000000000001 ) 
( -0.5 0.07259259259259258 -0.08666666666666667 ) 
( -0.5 0.08425925925925926 -0.06933333333333333 ) 
( -0.5 0.09333333333333332 -0.052000000000000005 ) 
( -0.5 0.09981481481481481 -0.03466666666666668 ) 
( -0.5 0.1037037037037037 -0.01733333333333334 ) 
( -0.5 0.105 0.0 ) 
)
spline 42 41 ( ( -0.25 0.0 -0.156 ) 
( -0.25 0.02518518518518519 -0.13866666666666666 ) 
( -0.25 0.047407407407407405 -0.12133333333333333 ) 
( -0.25 0.06666666666666665 -0.10400000000000001 ) 
( -0.25 0.08296296296296296 -0.08666666666666667 ) 
( -0.25 0.0962962962962963 -0.06933333333333333 ) 
( -0.25 0.10666666666666666 -0.052000000000000005 ) 
( -0.25 0.11407407407407406 -0.03466666666666668 ) 
( -0.25 0.11851851851851851 -0.01733333333333334 ) 
( -0.25 0.12 0.0 ) 
)
spline 50 49 ( ( 0.0 0.0 -0.156 ) 
( 0.0 0.026234567901234573 -0.13866666666666666 ) 
( 0.0 0.04938271604938271 -0.12133333333333333 ) 
( 0.0 0.06944444444444443 -0.10400000000000001 ) 
( 0.0 0.08641975308641975 -0.08666666666666667 ) 
( 0.0 0.10030864197530864 -0.06933333333333333 ) 
( 0.0 0.1111111111111111 -0.052000000000000005 ) 
( 0.0 0.11882716049382716 -0.03466666666666668 ) 
( 0.0 0.12345679012345678 -0.01733333333333334 ) 
( 0.0 0.125 0.0 ) 
)
spline 58 57 ( ( 0.25 0.0 -0.156 ) 
( 0.25 0.02518518518518519 -0.13866666666666666 ) 
( 0.25 0.047407407407407405 -0.12133333333333333 ) 
( 0.25 0.06666666666666665 -0.10400000000000001 ) 
( 0.25 0.08296296296296296 -0.08666666666666667 ) 
( 0.25 0.0962962962962963 -0.06933333333333333 ) 
( 0.25 0.10666666666666666 -0.052000000000000005 ) 
( 0.25 0.11407407407407406 -0.03466666666666668 ) 
( 0.25 0.11851851851851851 -0.01733333333333334 ) 
( 0.25 0.12 0.0 ) 
)
spline 66 65 ( ( 0.5 0.0 -0.156 ) 
( 0.5 0.022037037037037042 -0.13866666666666666 ) 
( 0.5 0.04148148148148148 -0.12133333333333333 ) 
( 0.5 0.05833333333333332 -0.10400000000000001 ) 
( 0.5 0.07259259259259258 -0.08666666666666667 ) 
( 0.5 0.08425925925925926 -0.06933333333333333 ) 
( 0.5 0.09333333333333332 -0.052000000000000005 ) 
( 0.5 0.09981481481481481 -0.03466666666666668 ) 
( 0.5 0.1037037037037037 -0.01733333333333334 ) 
( 0.5 0.105 0.0 ) 
)
spline 74 73 ( ( 0.75 0.0 -0.156 ) 
( 0.75 0.016790123456790127 -0.13866666666666666 ) 
( 0.75 0.03160493827160494 -0.12133333333333333 ) 
( 0.75 0.04444444444444444 -0.10400000000000001 ) 
( 0.75 0.05530864197530864 -0.08666666666666667 ) 
( 0.75 0.06419753086419754 -0.06933333333333333 ) 
( 0.75 0.07111111111111111 -0.052000000000000005 ) 
( 0.75 0.07604938271604939 -0.03466666666666668 ) 
( 0.75 0.07901234567901234 -0.01733333333333334 ) 
( 0.75 0.08 0.0 ) 
)
spline 82 81 ( ( 1.0 0.0 -0.156 ) 
( 1.0 0.009444444444444443 -0.13866666666666666 ) 
( 1.0 0.01777777777777777 -0.12133333333333333 ) 
( 1.0 0.024999999999999988 -0.10400000000000001 ) 
( 1.0 0.0311111111111111 -0.08666666666666667 ) 
( 1.0 0.0361111111111111 -0.06933333333333333 ) 
( 1.0 0.03999999999999999 -0.052000000000000005 ) 
( 1.0 0.04277777777777776 -0.03466666666666668 ) 
( 1.0 0.044444444444444425 -0.01733333333333334 ) 
( 1.0 0.044999999999999984 0.0 ) 
)
spline 90 89 ( ( 1.25 0.0 -0.156 ) 
( 1.25 0.0 -0.13866666666666666 ) 
( 1.25 0.0 -0.12133333333333333 ) 
( 1.25 0.0 -0.10400000000000001 ) 
( 1.25 0.0 -0.08666666666666667 ) 
( 1.25 0.0 -0.06933333333333333 ) 
( 1.25 0.0 -0.052000000000000005 ) 
( 1.25 0.0 -0.03466666666666668 ) 
( 1.25 0.0 -0.01733333333333334 ) 
( 1.25 0.0 0.0 ) 
)
spline 8 16 ( ( -1.25 0.0 2.5 ) 
( -1.2222222222222223 0.0054938271604938055 2.5 ) 
( -1.1944444444444444 0.01086419753086422 2.5 ) 
( -1.1666666666666667 0.016111111111111104 2.5 ) 
( -1.1388888888888888 0.02123456790123457 2.5 ) 
( -1.1111111111111112 0.02623456790123456 2.5 ) 
( -1.0833333333333333 0.03111111111111113 2.5 ) 
( -1.0555555555555556 0.0358641975308642 2.5 ) 
( -1.0277777777777777 0.04049382716049384 2.5 ) 
( -1.0 0.044999999999999984 2.5 ) 
)
spline 9 17 ( ( -1.25 0.0 0.0 ) 
( -1.2222222222222223 0.0054938271604938055 0.0 ) 
( -1.1944444444444444 0.01086419753086422 0.0 ) 
( -1.1666666666666667 0.016111111111111104 0.0 ) 
( -1.1388888888888888 0.02123456790123457 0.0 ) 
( -1.1111111111111112 0.02623456790123456 0.0 ) 
( -1.0833333333333333 0.03111111111111113 0.0 ) 
( -1.0555555555555556 0.0358641975308642 0.0 ) 
( -1.0277777777777777 0.04049382716049384 0.0 ) 
( -1.0 0.044999999999999984 0.0 ) 
)
spline 10 18 ( ( -1.25 0.0 -0.156 ) 
( -1.2222222222222223 0.0 -0.156 ) 
( -1.1944444444444444 0.0 -0.156 ) 
( -1.1666666666666667 0.0 -0.156 ) 
( -1.1388888888888888 0.0 -0.156 ) 
( -1.1111111111111112 0.0 -0.156 ) 
( -1.0833333333333333 0.0 -0.156 ) 
( -1.0555555555555556 0.0 -0.156 ) 
( -1.0277777777777777 0.0 -0.156 ) 
( -1.0 0.0 -0.156 ) 
)
spline 16 24 ( ( -1.0 0.044999999999999984 2.5 ) 
( -0.9722222222222222 0.04938271604938271 2.5 ) 
( -0.9444444444444444 0.05364197530864198 2.5 ) 
( -0.9166666666666666 0.05777777777777779 2.5 ) 
( -0.8888888888888888 0.061790123456790136 2.5 ) 
( -0.8611111111111112 0.06567901234567902 2.5 ) 
( -0.8333333333333334 0.06944444444444443 2.5 ) 
( -0.8055555555555556 0.07308641975308641 2.5 ) 
( -0.7777777777777778 0.07660493827160494 2.5 ) 
( -0.75 0.08 2.5 ) 
)
spline 17 25 ( ( -1.0 0.044999999999999984 0.0 ) 
( -0.9722222222222222 0.04938271604938271 0.0 ) 
( -0.9444444444444444 0.05364197530864198 0.0 ) 
( -0.9166666666666666 0.05777777777777779 0.0 ) 
( -0.8888888888888888 0.061790123456790136 0.0 ) 
( -0.8611111111111112 0.06567901234567902 0.0 ) 
( -0.8333333333333334 0.06944444444444443 0.0 ) 
( -0.8055555555555556 0.07308641975308641 0.0 ) 
( -0.7777777777777778 0.07660493827160494 0.0 ) 
( -0.75 0.08 0.0 ) 
)
spline 18 26 ( ( -1.0 0.0 -0.156 ) 
( -0.9722222222222222 0.0 -0.156 ) 
( -0.9444444444444444 0.0 -0.156 ) 
( -0.9166666666666666 0.0 -0.156 ) 
( -0.8888888888888888 0.0 -0.156 ) 
( -0.8611111111111112 0.0 -0.156 ) 
( -0.8333333333333334 0.0 -0.156 ) 
( -0.8055555555555556 0.0 -0.156 ) 
( -0.7777777777777778 0.0 -0.156 ) 
( -0.75 0.0 -0.156 ) 
)
spline 24 32 ( ( -0.75 0.08 2.5 ) 
( -0.7222222222222222 0.08327160493827161 2.5 ) 
( -0.6944444444444444 0.08641975308641975 2.5 ) 
( -0.6666666666666666 0.08944444444444444 2.5 ) 
( -0.6388888888888888 0.0923456790123457 2.5 ) 
( -0.6111111111111112 0.09512345679012345 2.5 ) 
( -0.5833333333333334 0.09777777777777777 2.5 ) 
( -0.5555555555555556 0.10030864197530864 2.5 ) 
( -0.5277777777777778 0.10271604938271606 2.5 ) 
( -0.5 0.105 2.5 ) 
)
spline 25 33 ( ( -0.75 0.08 0.0 ) 
( -0.7222222222222222 0.08327160493827161 0.0 ) 
( -0.6944444444444444 0.08641975308641975 0.0 ) 
( -0.6666666666666666 0.08944444444444444 0.0 ) 
( -0.6388888888888888 0.0923456790123457 0.0 ) 
( -0.6111111111111112 0.09512345679012345 0.0 ) 
( -0.5833333333333334 0.09777777777777777 0.0 ) 
( -0.5555555555555556 0.10030864197530864 0.0 ) 
( -0.5277777777777778 0.10271604938271606 0.0 ) 
( -0.5 0.105 0.0 ) 
)
spline 26 34 ( ( -0.75 0.0 -0.156 ) 
( -0.7222222222222222 0.0 -0.156 ) 
( -0.6944444444444444 0.0 -0.156 ) 
( -0.6666666666666666 0.0 -0.156 ) 
( -0.6388888888888888 0.0 -0.156 ) 
( -0.6111111111111112 0.0 -0.156 ) 
( -0.5833333333333334 0.0 -0.156 ) 
( -0.5555555555555556 0.0 -0.156 ) 
( -0.5277777777777778 0.0 -0.156 ) 
( -0.5 0.0 -0.156 ) 
)
spline 32 40 ( ( -0.5 0.105 2.5 ) 
( -0.4722222222222222 0.1071604938271605 2.5 ) 
( -0.4444444444444444 0.10919753086419753 2.5 ) 
( -0.4166666666666667 0.1111111111111111 2.5 ) 
( -0.3888888888888889 0.11290123456790123 2.5 ) 
( -0.3611111111111111 0.1145679012345679 2.5 ) 
( -0.33333333333333337 0.11611111111111111 2.5 ) 
( -0.3055555555555556 0.11753086419753087 2.5 ) 
( -0.2777777777777778 0.11882716049382716 2.5 ) 
( -0.25 0.12 2.5 ) 
)
spline 33 41 ( ( -0.5 0.105 0.0 ) 
( -0.4722222222222222 0.1071604938271605 0.0 ) 
( -0.4444444444444444 0.10919753086419753 0.0 ) 
( -0.4166666666666667 0.1111111111111111 0.0 ) 
( -0.3888888888888889 0.11290123456790123 0.0 ) 
( -0.3611111111111111 0.1145679012345679 0.0 ) 
( -0.33333333333333337 0.11611111111111111 0.0 ) 
( -0.3055555555555556 0.11753086419753087 0.0 ) 
( -0.2777777777777778 0.11882716049382716 0.0 ) 
( -0.25 0.12 0.0 ) 
)
spline 34 42 ( ( -0.5 0.0 -0.156 ) 
( -0.4722222222222222 0.0 -0.156 ) 
( -0.4444444444444444 0.0 -0.156 ) 
( -0.4166666666666667 0.0 -0.156 ) 
( -0.3888888888888889 0.0 -0.156 ) 
( -0.3611111111111111 0.0 -0.156 ) 
( -0.33333333333333337 0.0 -0.156 ) 
( -0.3055555555555556 0.0 -0.156 ) 
( -0.2777777777777778 0.0 -0.156 ) 
( -0.25 0.0 -0.156 ) 
)
spline 40 48 ( ( -0.25 0.12 2.5 ) 
( -0.2222222222222222 0.12104938271604938 2.5 ) 
( -0.19444444444444445 0.12197530864197531 2.5 ) 
( -0.16666666666666669 0.12277777777777778 2.5 ) 
( -0.1388888888888889 0.12345679012345678 2.5 ) 
( -0.1111111111111111 0.12401234567901234 2.5 ) 
( -0.08333333333333334 0.12444444444444444 2.5 ) 
( -0.05555555555555558 0.12475308641975309 2.5 ) 
( -0.02777777777777779 0.12493827160493827 2.5 ) 
( 0.0 0.125 2.5 ) 
)
spline 41 49 ( ( -0.25 0.12 0.0 ) 
( -0.2222222222222222 0.12104938271604938 0.0 ) 
( -0.19444444444444445 0.12197530864197531 0.0 ) 
( -0.16666666666666669 0.12277777777777778 0.0 ) 
( -0.1388888888888889 0.12345679012345678 0.0 ) 
( -0.1111111111111111 0.12401234567901234 0.0 ) 
( -0.08333333333333334 0.12444444444444444 0.0 ) 
( -0.05555555555555558 0.12475308641975309 0.0 ) 
( -0.02777777777777779 0.12493827160493827 0.0 ) 
( 0.0 0.125 0.0 ) 
)
spline 42 50 ( ( -0.25 0.0 -0.156 ) 
( -0.2222222222222222 0.0 -0.156 ) 
( -0.19444444444444445 0.0 -0.156 ) 
( -0.16666666666666669 0.0 -0.156 ) 
( -0.1388888888888889 0.0 -0.156 ) 
( -0.1111111111111111 0.0 -0.156 ) 
( -0.08333333333333334 0.0 -0.156 ) 
( -0.05555555555555558 0.0 -0.156 ) 
( -0.02777777777777779 0.0 -0.156 ) 
( 0.0 0.0 -0.156 ) 
)
spline 48 56 ( ( 0.0 0.125 2.5 ) 
( 0.027777777777777776 0.12493827160493827 2.5 ) 
( 0.05555555555555555 0.12475308641975309 2.5 ) 
( 0.08333333333333333 0.12444444444444444 2.5 ) 
( 0.1111111111111111 0.12401234567901234 2.5 ) 
( 0.1388888888888889 0.12345679012345678 2.5 ) 
( 0.16666666666666666 0.12277777777777778 2.5 ) 
( 0.19444444444444442 0.12197530864197531 2.5 ) 
( 0.2222222222222222 0.12104938271604938 2.5 ) 
( 0.25 0.12 2.5 ) 
)
spline 49 57 ( ( 0.0 0.125 0.0 ) 
( 0.027777777777777776 0.12493827160493827 0.0 ) 
( 0.05555555555555555 0.12475308641975309 0.0 ) 
( 0.08333333333333333 0.12444444444444444 0.0 ) 
( 0.1111111111111111 0.12401234567901234 0.0 ) 
( 0.1388888888888889 0.12345679012345678 0.0 ) 
( 0.16666666666666666 0.12277777777777778 0.0 ) 
( 0.19444444444444442 0.12197530864197531 0.0 ) 
( 0.2222222222222222 0.12104938271604938 0.0 ) 
( 0.25 0.12 0.0 ) 
)
spline 50 58 ( ( 0.0 0.0 -0.156 ) 
( 0.027777777777777776 0.0 -0.156 ) 
( 0.05555555555555555 0.0 -0.156 ) 
( 0.08333333333333333 0.0 -0.156 ) 
( 0.1111111111111111 0.0 -0.156 ) 
( 0.1388888888888889 0.0 -0.156 ) 
( 0.16666666666666666 0.0 -0.156 ) 
( 0.19444444444444442 0.0 -0.156 ) 
( 0.2222222222222222 0.0 -0.156 ) 
( 0.25 0.0 -0.156 ) 
)
spline 56 64 ( ( 0.25 0.12 2.5 ) 
( 0.2777777777777778 0.11882716049382716 2.5 ) 
( 0.3055555555555556 0.11753086419753087 2.5 ) 
( 0.3333333333333333 0.11611111111111111 2.5 ) 
( 0.3611111111111111 0.1145679012345679 2.5 ) 
( 0.3888888888888889 0.11290123456790123 2.5 ) 
( 0.41666666666666663 0.1111111111111111 2.5 ) 
( 0.4444444444444444 0.10919753086419753 2.5 ) 
( 0.4722222222222222 0.1071604938271605 2.5 ) 
( 0.5 0.105 2.5 ) 
)
spline 57 65 ( ( 0.25 0.12 0.0 ) 
( 0.2777777777777778 0.11882716049382716 0.0 ) 
( 0.3055555555555556 0.11753086419753087 0.0 ) 
( 0.3333333333333333 0.11611111111111111 0.0 ) 
( 0.3611111111111111 0.1145679012345679 0.0 ) 
( 0.3888888888888889 0.11290123456790123 0.0 ) 
( 0.41666666666666663 0.1111111111111111 0.0 ) 
( 0.4444444444444444 0.10919753086419753 0.0 ) 
( 0.4722222222222222 0.1071604938271605 0.0 ) 
( 0.5 0.105 0.0 ) 
)
spline 58 66 ( ( 0.25 0.0 -0.156 ) 
( 0.2777777777777778 0.0 -0.156 ) 
( 0.3055555555555556 0.0 -0.156 ) 
( 0.3333333333333333 0.0 -0.156 ) 
( 0.3611111111111111 0.0 -0.156 ) 
( 0.3888888888888889 0.0 -0.156 ) 
( 0.41666666666666663 0.0 -0.156 ) 
( 0.4444444444444444 0.0 -0.156 ) 
( 0.4722222222222222 0.0 -0.156 ) 
( 0.5 0.0 -0.156 ) 
)
spline 64 72 ( ( 0.5 0.105 2.5 ) 
( 0.5277777777777778 0.10271604938271606 2.5 ) 
( 0.5555555555555556 0.10030864197530864 2.5 ) 
( 0.5833333333333334 0.09777777777777777 2.5 ) 
( 0.6111111111111112 0.09512345679012345 2.5 ) 
( 0.6388888888888888 0.0923456790123457 2.5 ) 
( 0.6666666666666666 0.08944444444444444 2.5 ) 
( 0.6944444444444444 0.08641975308641975 2.5 ) 
( 0.7222222222222222 0.08327160493827161 2.5 ) 
( 0.75 0.08 2.5 ) 
)
spline 65 73 ( ( 0.5 0.105 0.0 ) 
( 0.5277777777777778 0.10271604938271606 0.0 ) 
( 0.5555555555555556 0.10030864197530864 0.0 ) 
( 0.5833333333333334 0.09777777777777777 0.0 ) 
( 0.6111111111111112 0.09512345679012345 0.0 ) 
( 0.6388888888888888 0.0923456790123457 0.0 ) 
( 0.6666666666666666 0.08944444444444444 0.0 ) 
( 0.6944444444444444 0.08641975308641975 0.0 ) 
( 0.7222222222222222 0.08327160493827161 0.0 ) 
( 0.75 0.08 0.0 ) 
)
spline 66 74 ( ( 0.5 0.0 -0.156 ) 
( 0.5277777777777778 0.0 -0.156 ) 
( 0.5555555555555556 0.0 -0.156 ) 
( 0.5833333333333334 0.0 -0.156 ) 
( 0.6111111111111112 0.0 -0.156 ) 
( 0.6388888888888888 0.0 -0.156 ) 
( 0.6666666666666666 0.0 -0.156 ) 
( 0.6944444444444444 0.0 -0.156 ) 
( 0.7222222222222222 0.0 -0.156 ) 
( 0.75 0.0 -0.156 ) 
)
spline 72 80 ( ( 0.75 0.08 2.5 ) 
( 0.7777777777777778 0.07660493827160494 2.5 ) 
( 0.8055555555555556 0.07308641975308641 2.5 ) 
( 0.8333333333333334 0.06944444444444443 2.5 ) 
( 0.8611111111111112 0.06567901234567902 2.5 ) 
( 0.8888888888888888 0.061790123456790136 2.5 ) 
( 0.9166666666666666 0.05777777777777779 2.5 ) 
( 0.9444444444444444 0.05364197530864198 2.5 ) 
( 0.9722222222222222 0.04938271604938271 2.5 ) 
( 1.0 0.044999999999999984 2.5 ) 
)
spline 73 81 ( ( 0.75 0.08 0.0 ) 
( 0.7777777777777778 0.07660493827160494 0.0 ) 
( 0.8055555555555556 0.07308641975308641 0.0 ) 
( 0.8333333333333334 0.06944444444444443 0.0 ) 
( 0.8611111111111112 0.06567901234567902 0.0 ) 
( 0.8888888888888888 0.061790123456790136 0.0 ) 
( 0.9166666666666666 0.05777777777777779 0.0 ) 
( 0.9444444444444444 0.05364197530864198 0.0 ) 
( 0.9722222222222222 0.04938271604938271 0.0 ) 
( 1.0 0.044999999999999984 0.0 ) 
)
spline 74 82 ( ( 0.75 0.0 -0.156 ) 
( 0.7777777777777778 0.0 -0.156 ) 
( 0.8055555555555556 0.0 -0.156 ) 
( 0.8333333333333334 0.0 -0.156 ) 
( 0.8611111111111112 0.0 -0.156 ) 
( 0.8888888888888888 0.0 -0.156 ) 
( 0.9166666666666666 0.0 -0.156 ) 
( 0.9444444444444444 0.0 -0.156 ) 
( 0.9722222222222222 0.0 -0.156 ) 
( 1.0 0.0 -0.156 ) 
)
spline 80 88 ( ( 1.0 0.044999999999999984 2.5 ) 
( 1.0277777777777777 0.04049382716049384 2.5 ) 
( 1.0555555555555556 0.0358641975308642 2.5 ) 
( 1.0833333333333333 0.03111111111111113 2.5 ) 
( 1.1111111111111112 0.02623456790123456 2.5 ) 
( 1.1388888888888888 0.02123456790123457 2.5 ) 
( 1.1666666666666667 0.016111111111111104 2.5 ) 
( 1.1944444444444444 0.01086419753086422 2.5 ) 
( 1.2222222222222223 0.0054938271604938055 2.5 ) 
( 1.25 0.0 2.5 ) 
)
spline 81 89 ( ( 1.0 0.044999999999999984 0.0 ) 
( 1.0277777777777777 0.04049382716049384 0.0 ) 
( 1.0555555555555556 0.0358641975308642 0.0 ) 
( 1.0833333333333333 0.03111111111111113 0.0 ) 
( 1.1111111111111112 0.02623456790123456 0.0 ) 
( 1.1388888888888888 0.02123456790123457 0.0 ) 
( 1.1666666666666667 0.016111111111111104 0.0 ) 
( 1.1944444444444444 0.01086419753086422 0.0 ) 
( 1.2222222222222223 0.0054938271604938055 0.0 ) 
( 1.25 0.0 0.0 ) 
)
spline 82 90 ( ( 1.0 0.0 -0.156 ) 
( 1.0277777777777777 0.0 -0.156 ) 
( 1.0555555555555556 0.0 -0.156 ) 
( 1.0833333333333333 0.0 -0.156 ) 
( 1.1111111111111112 0.0 -0.156 ) 
( 1.1388888888888888 0.0 -0.156 ) 
( 1.1666666666666667 0.0 -0.156 ) 
( 1.1944444444444444 0.0 -0.156 ) 
( 1.2222222222222223 0.0 -0.156 ) 
( 1.25 0.0 -0.156 ) 
)
);




boundary
(
far
 {	type symmetryPlane;
	faces 
	(
(5 13 12 4)
(6 14 13 5)
(7 15 14 6)
(13 21 20 12)
(14 22 21 13)
(15 23 22 14)
(21 29 28 20)
(22 30 29 21)
(23 31 30 22)
(29 37 36 28)
(30 38 37 29)
(31 39 38 30)
(37 45 44 36)
(38 46 45 37)
(39 47 46 38)
(45 53 52 44)
(46 54 53 45)
(47 55 54 46)
(53 61 60 52)
(54 62 61 53)
(55 63 62 54)
(61 69 68 60)
(62 70 69 61)
(63 71 70 62)
(69 77 76 68)
(70 78 77 69)
(71 79 78 70)
(77 85 84 76)
(78 86 85 77)
(79 87 86 78)
(85 93 92 84)
(86 94 93 85)
(87 95 94 86)
(93 101 100 92)
(94 102 101 93)
(95 103 102 94)
	);
 }





inlet_water
 {	type patch;
	faces 
	(
(102 98 97 101)
(103 99 98 102)
	);
 }





inlet_air
 {	type patch;
	faces 
	(
(101 97 96 100)
	);
 }





hull
 {	type wall;
	faces 
	(
(10 18 17 9)
(18 26 25 17)
(26 34 33 25)
(34 42 41 33)
(42 50 49 41)
(50 58 57 49)
(58 66 65 57)
(66 74 73 65)
(74 82 81 73)
(82 90 89 81)
	);
 }





freeboard
 {	type wall;
	faces 
	(
(9 17 16 8)
(17 25 24 16)
(25 33 32 24)
(33 41 40 32)
(41 49 48 40)
(49 57 56 48)
(57 65 64 56)
(65 73 72 64)
(73 81 80 72)
(81 89 88 80)
	);
 }





outlet
 {	type patch;
	faces 
	(
(1 5 4 0)
(2 6 5 1)
(3 7 6 2)
	);
 }





centerplane
 {	type symmetryPlane;
	faces 
	(
(1 9 8 0)
(2 10 9 1)
(3 11 10 2)
(11 19 18 10)
(19 27 26 18)
(27 35 34 26)
(35 43 42 34)
(43 51 50 42)
(51 59 58 50)
(59 67 66 58)
(67 75 74 66)
(75 83 82 74)
(83 91 90 82)
(89 97 96 88)
(90 98 97 89)
(91 99 98 90)
	);
 }





atmosphere
 {	type symmetryPlane;
	faces 
	(
(8 12 4 0)
(16 20 12 8)
(24 28 20 16)
(32 36 28 24)
(40 44 36 32)
(48 52 44 40)
(56 60 52 48)
(64 68 60 56)
(72 76 68 64)
(80 84 76 72)
(88 92 84 80)
(96 100 92 88)
	);
 }





bottom
 {	type symmetryPlane;
	faces 
	(
(3 7 15 11)
(11 15 23 19)
(19 23 31 27)
(27 31 39 35)
(35 39 47 43)
(43 47 55 51)
(51 55 63 59)
(59 63 71 67)
(67 71 79 75)
(75 79 87 83)
(83 87 95 91)
(91 95 103 99)
	);
 }





);
mergePatchPairs ();